-3.79588e-009
-0.988235
-0.075783
-0.0646698
-0.960562
-0.0464294
-0.976609
-0.0549256
-0.0752468
-0.0642122
-0.0461009
-0.054537
-0.988235
-0.981243
-0.969699
-0.953766
-0.916151
-0.0327086
-0.857404
-0.0226103
-0.888391
-0.0272591
-0.0324771
-0.0224503
-0.0270663
-0.909669
-0.882105
-0.851337
-0.940317
-0.0390621
-0.933664
-0.0387857
-0.0743615
-0.0634568
-0.0455585
-0.0538954
-0.0731397
-0.0624141
-0.0448099
-0.0530098
-0.960562
-0.953766
-0.942545
-0.927058
-0.0320951
-0.0221862
-0.0267478
-0.0315677
-0.0218217
-0.0263083
-0.884196
-0.857404
-0.827498
-0.0383294
-0.907518
-0.0376996
-0.976609
-0.969699
-0.958291
-0.942545
-0.922679
-0.898967
-0.871728
-0.841322
-0.787373
-0.0153366
-0.7095
-0.0102077
-0.749194
-0.0125417
-0.0152281
-0.0101355
-0.0124529
-0.781802
-0.743893
-0.70448
-0.627337
-0.00666656
-0.544284
-0.00427222
-0.585721
-0.00534941
-0.00661939
-0.00424199
-0.00531156
-0.622898
-0.581577
-0.540433
-0.668735
-0.0082688
-0.664004
-0.00821029
-0.0150489
-0.0100162
-0.0123064
-0.0148016
-0.00985163
-0.0121042
-0.759909
-0.723062
-0.684752
-0.00654152
-0.00419209
-0.00524907
-0.00643403
-0.00412321
-0.00516282
-0.605455
-0.565291
-0.525299
-0.0081137
-0.64541
-0.00798038
-0.772604
-0.735141
-0.696192
-0.656192
-0.61557
-0.574735
-0.534075
-0.82359
-0.0186657
-0.817762
-0.0185337
-0.808142
-0.0183156
-0.794863
-0.0180147
-0.0715981
-0.0610986
-0.0438655
-0.0518926
-0.0697581
-0.0595284
-0.0427382
-0.0505589
-0.916151
-0.909669
-0.898967
-0.884196
-0.0309023
-0.0213617
-0.0257538
-0.0301082
-0.0208128
-0.025092
-0.843315
-0.817762
-0.789239
-0.036905
-0.86556
-0.0359566
-0.0676444
-0.0577246
-0.0414432
-0.049027
-0.0652849
-0.0557112
-0.0399976
-0.0473169
-0.857404
-0.851337
-0.841322
-0.827498
-0.0291959
-0.0201821
-0.0243317
-0.0281775
-0.0194782
-0.023483
-0.789239
-0.765324
-0.73863
-0.0348671
-0.810057
-0.0336509
-0.888391
-0.882105
-0.871728
-0.857404
-0.839333
-0.817762
-0.792984
-0.765324
-0.0144897
-0.00964399
-0.0118491
-0.0141173
-0.00939615
-0.0115446
-0.724775
-0.689632
-0.653093
-0.00629843
-0.0040363
-0.00505401
-0.00613656
-0.00393257
-0.00492412
-0.577462
-0.539155
-0.501012
-0.00781218
-0.61557
-0.00761141
-0.0136895
-0.00911144
-0.0111948
-0.013212
-0.00879363
-0.0108043
-0.6783
-0.64541
-0.611214
-0.00595062
-0.00381341
-0.00477492
-0.00574306
-0.0036804
-0.00460837
-0.540433
-0.504583
-0.468886
-0.00738078
-0.576097
-0.00712334
-0.702814
-0.668735
-0.633304
-0.596918
-0.559965
-0.522819
-0.485831
-0.017635
-0.758113
-0.0171818
-0.735141
-0.0166612
-0.7095
-0.01608
-0.940317
-0.933664
-0.922679
-0.907518
-0.888391
-0.86556
-0.839333
-0.810057
-0.77811
-0.743893
-0.707822
-0.67032
-0.631807
-0.592694
-0.553377
-0.514228
-0.463369
-0.00268647
-0.387084
-0.00165763
-0.424516
-0.00211526
-0.00266746
-0.0016459
-0.00210029
-0.460091
-0.421513
-0.384346
-0.317293
-0.00100362
-0.255207
-0.000596249
-0.285236
-0.000775401
-0.000996519
-0.00059203
-0.000769915
-0.315048
-0.283218
-0.253401
-0.351286
-0.00129287
-0.348801
-0.00128373
-0.00263608
-0.00162654
-0.00207558
-0.00259277
-0.00159981
-0.00204147
-0.447207
-0.409709
-0.373583
-0.000984795
-0.000585065
-0.000760857
-0.000968613
-0.000575452
-0.000748355
-0.306226
-0.275287
-0.246305
-0.00126862
-0.339033
-0.00124778
-0.454678
-0.416554
-0.379824
-0.344697
-0.311342
-0.279886
-0.25042
-0.201419
-0.000347586
-0.155986
-0.000198827
-0.177673
-0.00026351
-0.000345127
-0.00019742
-0.000261645
-0.199994
-0.176416
-0.154882
-0.118535
-0.0001116
-0.0883865
-6.14651e-005
-0.102599
-8.30183e-005
-0.00011081
-6.10302e-005
-8.24309e-005
-0.117697
-0.101873
-0.0877612
-0.1363
-0.000149313
-0.135335
-0.000148256
-0.000341067
-0.000195097
-0.000258567
-0.000335463
-0.000191892
-0.000254319
-0.194394
-0.171476
-0.150545
-0.000109507
-6.03122e-005
-8.14611e-005
-0.000107707
-5.93212e-005
-8.01226e-005
-0.114401
-0.0990207
-0.0853036
-0.000146512
-0.131546
-0.000144105
-0.197641
-0.17434
-0.15306
-0.133743
-0.116312
-0.100675
-0.0867287
-0.227261
-0.000456324
-0.225653
-0.000453095
-0.222998
-0.000447765
-0.219334
-0.000440407
-0.00253812
-0.00156609
-0.00199845
-0.00247289
-0.00152584
-0.00194709
-0.426531
-0.390767
-0.356311
-0.000948198
-0.000563323
-0.000732582
-0.00092383
-0.000548846
-0.000713755
-0.292068
-0.262559
-0.234918
-0.00122148
-0.323358
-0.00119009
-0.00239796
-0.00147961
-0.00188809
-0.00231432
-0.001428
-0.00182223
-0.39918
-0.365709
-0.333463
-0.000895838
-0.000532216
-0.000692128
-0.000864591
-0.000513652
-0.000667986
-0.273339
-0.245723
-0.219854
-0.00115403
-0.302623
-0.00111378
-0.413607
-0.378926
-0.345514
-0.31356
-0.283218
-0.254604
-0.227799
-0.000328392
-0.000187847
-0.000248958
-0.000319953
-0.00018302
-0.00024256
-0.185406
-0.163548
-0.143585
-0.000105437
-5.80709e-005
-7.84339e-005
-0.000102727
-5.65785e-005
-7.64182e-005
-0.109112
-0.0944426
-0.0813597
-0.000141067
-0.125464
-0.000137442
-0.000310258
-0.000177474
-0.000235211
-0.000299436
-0.000171284
-0.000227006
-0.173517
-0.15306
-0.134378
-9.96147e-005
-5.48641e-005
-7.41027e-005
-9.61401e-005
-5.29505e-005
-7.15179e-005
-0.102115
-0.0883865
-0.0761426
-0.000133278
-0.117418
-0.000128629
-0.179788
-0.158592
-0.139234
-0.121662
-0.105805
-0.0915809
-0.0788944
-0.000431125
-0.209193
-0.000420045
-0.202855
-0.000407318
-0.195779
-0.00039311
-0.437781
-0.401074
-0.365709
-0.331888
-0.299772
-0.269485
-0.241114
-0.214711
-0.190297
-0.167862
-0.147372
-0.128773
-0.11199
-0.0969337
-0.0835057
-0.50339
-0.00339583
-0.499828
-0.0033718
-0.493948
-0.00333214
-0.485831
-0.00327738
-0.475592
-0.00320831
-0.463369
-0.00312586
-0.449329
-0.00303114
-0.433656
-0.00292541
-0.0627102
-0.0535141
-0.0384202
-0.0454508
-0.0599526
-0.0511608
-0.0367307
-0.0434522
-0.787373
-0.781802
-0.772604
-0.759909
-0.0270663
-0.01871
-0.0225569
-0.025876
-0.0178872
-0.0215649
-0.724775
-0.702814
-0.6783
-0.0323238
-0.743893
-0.0309023
-0.0570455
-0.0486801
-0.0349497
-0.0413452
-0.0540231
-0.0461009
-0.0330979
-0.0391546
-0.7095
-0.70448
-0.696192
-0.684752
-0.0246213
-0.0170199
-0.0205193
-0.0233168
-0.0161181
-0.0194321
-0.653093
-0.633304
-0.611214
-0.0294039
-0.67032
-0.027846
-0.749194
-0.743893
-0.735141
-0.723062
-0.707822
-0.689632
-0.668735
-0.64541
-0.012691
-0.00844683
-0.0103782
-0.0121329
-0.00807538
-0.00992183
-0.622898
-0.592694
-0.561292
-0.00551656
-0.00353525
-0.00442662
-0.00527398
-0.00337979
-0.00423197
-0.496292
-0.463369
-0.430588
-0.00684241
-0.529043
-0.00654152
-0.0115446
-0.00768382
-0.00944073
-0.0109329
-0.00727671
-0.00894054
-0.561292
-0.534075
-0.505778
-0.00501825
-0.00321591
-0.00402676
-0.00475237
-0.00304552
-0.00381341
-0.447207
-0.417541
-0.388002
-0.00622433
-0.476719
-0.00589455
-0.592694
-0.563955
-0.534075
-0.50339
-0.472227
-0.440901
-0.409709
-0.0154459
-0.651549
-0.0147666
-0.619956
-0.0140506
-0.587109
-0.0133062
-0.0509192
-0.0434522
-0.0311963
-0.036905
-0.047767
-0.0407622
-0.0292651
-0.0346204
-0.627337
-0.622898
-0.61557
-0.605455
-0.0219772
-0.0151921
-0.0183156
-0.0206166
-0.0142516
-0.0171818
-0.577462
-0.559965
-0.540433
-0.0262461
-0.592694
-0.0246213
-0.0445983
-0.0380582
-0.0273237
-0.0323238
-0.0414432
-0.0353657
-0.0253907
-0.030037
-0.544284
-0.540433
-0.534075
-0.525299
-0.019249
-0.0133062
-0.016042
-0.0178872
-0.0123648
-0.0149071
-0.501012
-0.485831
-0.468886
-0.022988
-0.514228
-0.0213617
-0.585721
-0.581577
-0.574735
-0.565291
-0.553377
-0.539155
-0.522819
-0.504583
-0.0103048
-0.00685862
-0.00842686
-0.00966685
-0.00643403
-0.00790518
-0.496292
-0.472227
-0.447207
-0.00447932
-0.00287054
-0.00359431
-0.00420202
-0.00269284
-0.0033718
-0.395418
-0.369188
-0.343069
-0.00555587
-0.421513
-0.00521193
-0.00902558
-0.00600722
-0.00738078
-0.00838706
-0.00558224
-0.00685862
-0.430588
-0.409709
-0.388002
-0.00392328
-0.0025142
-0.00314813
-0.00364572
-0.00233634
-0.00292541
-0.343069
-0.320311
-0.297651
-0.00486619
-0.365709
-0.00452193
-0.463369
-0.440901
-0.417541
-0.393551
-0.369188
-0.344697
-0.320311
-0.0125417
-0.519119
-0.0117653
-0.484683
-0.0109848
-0.450394
-0.0102077
-0.668735
-0.664004
-0.656192
-0.64541
-0.631807
-0.61557
-0.596918
-0.576097
-0.553377
-0.529043
-0.50339
-0.476719
-0.449329
-0.421513
-0.393551
-0.365709
-0.00222305
-0.00137168
-0.00175037
-0.00212529
-0.00131137
-0.0016734
-0.366576
-0.335839
-0.306226
-0.000830493
-0.000493395
-0.000641642
-0.000793973
-0.000471698
-0.000613427
-0.251014
-0.225653
-0.201897
-0.00106985
-0.277906
-0.0010228
-0.00202224
-0.00124778
-0.00159226
-0.00191509
-0.00118167
-0.00150789
-0.33032
-0.302623
-0.275939
-0.000755474
-0.000448826
-0.000583682
-0.000715447
-0.000425046
-0.000552757
-0.226188
-0.203335
-0.181928
-0.000973209
-0.25042
-0.000921646
-0.348801
-0.319554
-0.291377
-0.26443
-0.238842
-0.214711
-0.192107
-0.000287627
-0.000164529
-0.000218054
-0.000274979
-0.000157294
-0.000208465
-0.159345
-0.140559
-0.123402
-9.23485e-005
-5.08622e-005
-6.86974e-005
-8.82876e-005
-4.86256e-005
-6.56765e-005
-0.0937744
-0.0811673
-0.0699234
-0.000123556
-0.107828
-0.000118123
-0.000261645
-0.000149667
-0.000198357
-0.000247783
-0.000141737
-0.000187847
-0.143585
-0.126657
-0.111197
-8.40066e-005
-4.62678e-005
-6.24919e-005
-7.95557e-005
-4.38164e-005
-5.91809e-005
-0.0844998
-0.0731397
-0.0630078
-0.000112395
-0.0971634
-0.00010644
-0.151618
-0.133743
-0.117418
-0.102599
-0.0892273
-0.0772316
-0.0665329
-0.000377607
-0.179788
-0.000361002
-0.17107
-0.000343497
-0.162007
-0.000325298
-0.00180506
-0.00111378
-0.00142126
-0.00169332
-0.00104483
-0.00133327
-0.292068
-0.267578
-0.243984
-0.000674341
-0.000400625
-0.000520999
-0.000632595
-0.000375824
-0.000488746
-0.199994
-0.179788
-0.16086
-0.000868693
-0.22142
-0.000814916
-0.00158099
-0.000975516
-0.00124483
-0.00146914
-0.000906502
-0.00115676
-0.253401
-0.232154
-0.211684
-0.000590631
-0.000350893
-0.000456324
-0.000548846
-0.000326069
-0.000424041
-0.173517
-0.155986
-0.139564
-0.000760857
-0.192107
-0.00070703
-0.272693
-0.249828
-0.227799
-0.206732
-0.186727
-0.167862
-0.150189
-0.000233546
-0.000133593
-0.000177054
-0.000219088
-0.000125323
-0.000166094
-0.126957
-0.11199
-0.0983201
-7.49848e-005
-4.12989e-005
-5.57807e-005
-7.03428e-005
-3.87422e-005
-5.23275e-005
-0.0747144
-0.0646698
-0.0557112
-0.000100325
-0.0859115
-9.41138e-005
-0.000204555
-0.00011701
-0.000155076
-0.000190083
-0.000108732
-0.000144105
-0.110149
-0.0971634
-0.0853036
-6.56765e-005
-3.61722e-005
-4.88563e-005
-6.10302e-005
-3.36132e-005
-4.53999e-005
-0.064823
-0.0561082
-0.0483357
-8.78706e-005
-0.0745377
-8.16542e-005
-0.118535
-0.104561
-0.0917979
-0.0802124
-0.0697581
-0.0603798
-0.0520155
-0.000306608
-0.143246
-0.000287627
-0.133743
-0.000268547
-0.124281
-0.000249548
-0.311342
-0.285236
-0.260085
-0.236032
-0.213192
-0.191653
-0.171476
-0.152698
-0.135335
-0.11938
-0.104808
-0.0915809
-0.0796449
-0.0689374
-0.0593877
-0.00281004
-0.398236
-0.00268647
-0.378926
-0.00255621
-0.35885
-0.00242077
-0.338232
-0.00228169
-0.317293
-0.00214044
-0.296245
-0.00199845
-0.275287
-0.00185707
-0.82359
-0.817762
-0.808142
-0.794863
-0.77811
-0.758113
-0.735141
-0.7095
-0.681518
-0.651549
-0.619956
-0.587109
-0.553377
-0.519119
-0.484683
-0.450394
-0.416554
-0.383437
-0.351286
-0.320311
-0.290689
-0.262559
-0.236032
-0.211183
-0.188058
-0.166674
-0.147024
-0.129078
-0.112788
-0.0980877
-0.0849008
-0.0731397
0
0
0
0
0
0
0
0
0
0
0
0
0
0
0
0
0
0
0
0
0
0
0
0
0
0
0
0
0
0
0
0
0
0
0
0
0
0
0
0
0
0
0
0
0
0
0
0
0
0
0
0
0
0
0
0
0
0
0
0
0
0
0
0
0
0
0
0
0
0
0
0
0
0
0
0
0
0
0
0
0
0
0
0
0
0
0
0
0
0
0
0
0
0
0
0
0
0
0
0
0
0
0
0
0
0
0
0
0
0
0
0
0
0
0
0
0
0
0
0
0
0
0
0
0
0
0
0
0
0
0
0
0
0
0
0
0
0
0
0
0
0
0
0
0
0
0
0
0
0
0
0
0
0
0
0
0
0
0
0
0
0
0
0
0
0
0
0
0
0
0
0
0
0
0
0
0
0
0
0
0
0
0
0
0
0
0
0
0
0
0
0
0
0
0
0
0
0
0
0
0
0
0
0
0
0
0
0
0
0
0
0
0
0
0
0
0
0
0
0
0
0
0
0
0
0
0
0
0
0
0
0
0
0
0
0
0
0
0
0
0
0
0
0
0
0
0
0
0
0
0
0
0
0
0
0
0
0
0
0
0
0
0
0
0
0
0
0
0
0
0
0
0
0
0
0
0
0
0
0
0
0
0
0
0
0
0
0
0
0
0
0
0
0
0
0
0
0
0
0
0
0
0
0
0
0
0
0
0
0
0
0
0
0
0
0
0
0
0
0
0
0
0
0
0
0
0
0
0
0
0
0
0
0
0
0
0
0
0
0
0
0
0
0
0
0
0
0
0
0
0
0
0
0
0
0
0
0
0
0
0
0
0
0
0
0
0
0
0
0
0
0
0
0
0
0
0
0
0
0
0
0
0
0
0
0
0
0
0
0
0
0
0
0
0
0
0
0
0
0
0
0
0
0
0
0
0
0
0
0
0
0
0
0
0
0
0
0
0
0
0
0
0
0
0
0
0
0
0
0
0
0
0
0
0
0
0
0
0
0
0
0
0
0
0
0
0
0
0
0
0
0
0
0
0
0
0
0
0
0
0
0
0
0
0
0
0
0
0
0
0
0
0
0
0
0
0
0
0
0
0
0
0
0
0
0
0
0
0
0
0
0
0
0
0
0
0
0
0
0
0
0
0
0
0
0
0
0
0
0
0
0
0
0
0
0
0
0
0
0
0
0
0
0
0
0
0
0
0
0
0
0
0
0
0
0
0
0
0
0
0
0
0
0
0
0
0
0
0
0
0
0
0
0
0
0
0
0
0
0
0
0
0
0
0
0
0
0
0
0
0
0
0
0
0
0
0
0
0
0
0
0
0
0
0
0
0
0
0
0
0
0
0
0
0
0
0
0
0
0
0
0
0
0
0
0
0
0
0
0
0
0
0
0
0
0
0
0
0
0
0
0
0
0
0
0
0
0
0
0
0
0
0
0
0
0
0
0
0
0
0
0
0
0
0
0
0
0
0
0
0
0
0
0
0
0
0
0
0
0
0
0
0
0
0
0
0
0
0
0
0
0
0
0
0
0
0
0
0
0
0
0
0
0
0
0
0
0
0
0
0
0
0
0
0
0
0
0
0
0
0
0
0
0
0
0
0
0
0
0
0
0
0
0
0
0
0
0
0
0
0
0
0
0
0
0
0
0
0
0
0
0
0
0
0
0
0
0
0
0
0
0
0
0
0
0
0
0
0
0
0
0
0
0
0
0
0
0
0
0
0
0
0
0
0
0
0
0
0
0
0
0
0
0
0
0
0
0
0
0
0
0
0
0
0
0
0
0
0
0
0
0
0
0
0
0
0
0
0
0
0
0
0
0
0
0
0
0
0
0
0
0
0
0
0
0
0
0
0
0
0
0
0
0
0
0
0
0
0
0
0
0
0
0
0
0
0
0
0
0
0
0
0
0
0
0
0
0
0
0
0
0
0
0
0
0
0
0
0
0
0
0
0
0
0
0
0
0
0
0
0
0
0
0
0
0
0
0
0
0
0
0
0
0
0
0
0
0
0
0
0
0
0
0
0
0
0
0
0
0
0
0
0
0
0
0
0
0
0
0
0
0
0
0
0
0
0
0
0
0
0
0
0
0
0
0
0
0
0
0
0
0
0
0
0
0
0
0
0
0
0
0
0
0
0
0
0
0
0
0
0
0
0
0
0
0
0
0
0
0
0
0
0
0
0
0
0
0
0
0
0
0
0
0
0
0
0
0
0
0
0
0
0
0
0
0
0
0
0
0
0
0
0
0
0
0
0
0
0
0
0
0
0
0
0
0
0
0
0
0
0
0
0
0
0
0
0
0
0
0
0
0
0
0
0
0
0
0
0
0
0
0
0
0
0
0
0
0
0
0
0
0
0
0
0
0
0
0
0
0
0
0
0
0
0
0
0
0
0
0
0
0
0
0
0
0
0
0
0
0
0
0
0
0
0
0
0
0
0
0
0
0
0
0
0
0
0
0
0
0
0
0
0
0
0
0
0
0
0
0
0
0
0
0
0
0
0
0
0
0
0
0
0
0
0
0
0
0
0
0
0
0
0
0
0
0
0
0
0
0
0
0
0
0
0
0
0
0
0
0
0
0
0
0
0
0
0
0
0
0
0
0
0
0
0
0
0
0
0
0
0
0
0
0
0
0
0
0
0
0
0
0
0
0
0
0
0
0
0
0
0
0
0
0
0
0
0
0
0
0
0
0
0
0
0
0
0
0
0
0
0
0
0
0
0
0
0
0
0
0
0
0
0
0
0
0
0
0
0
0
0
0
0
0
0
0
0
0
0
0
0
0
0
0
0
0
0
0
0
0
0
0
0
0
0
0
0
0
0
0
0
0
0
0
0
0
0
0
0
0
0
0
0
0
0
0
0
0
0
0
0
0
0
0
0
0
0
0
0
0
0
0
0
0
0
0
0
0
0
0
0
0
0
0
0
0
0
0
0
0
0
0
0
0
0
0
0
0
0
0
0
0
0
0
0
0
0
0
0
0
0
0
0
0
0
0
0
0
0
0
0
0
0
0
0
0
0
0
0
0
0
0
0
0
0
0
0
0
0
0
0
0
0
0
0
0
0
0
0
0
0
0
0
0
0
0
0
0
0
0
0
0
0
0
0
0
0
0
0
0
0
0
0
0
0
0
0
0
0
0
0
0
0
0
0
0
0
0
0
0
0
0
0
0
0
0
0
0
0
0
0
0
0
0
0
0
0
0
0
0
0
0
0
0
0
0
0
0
0
0
0
0
0
0
0
0
0
0
0
0
0
0
0
0
0
0
0
0
0
0
0
0
0
0
0
0
0
0
0
0
0
0
0
0
0
0
0
0
0
0
0
0
0
0
0
0
0
0
0
0
0
0
0
0
0
0
0
0
0
0
0
0
0
0
0
0
0
0
0
0
0
0
0
0
0
0
0
0
0
0
0
0
0
0
0
0
0
0
0
0
0
0
0
0
0
0
0
0
0
0
0
0
0
0
0
0
0
0
0
0
0
0
0
0
0
0
0
0
0
0
0
0
0
0
0
0
0
0
0
0
0
0
0
0
0
0
0
0
0
0
0
0
0
0
0
0
0
0
0
0
0
0
0
0
0
0
0
0
0
0
0
0
0
0
0
0
0
0
0
0
0
0
0
0
0
0
0
0
0
0
0
0
0
0
0
0
0
0
0
0
0
0
0
0
0
0
0
0
0
0
0
0
0
0
0
0
0
0
0
0
0
0
0
0
0
0
0
0
0
0
0
0
0
0
0
0
0
0
0
0
0
0
0
0
0
0
0
0
0
0
0
0
0
0
0
0
0
0
0
0
0
0
0
0
0
0
0
0
0
0
0
0
0
0
0
0
0
0
0
0
0
0
0
0
0
0
0
0
0
0
0
0
0
0
0
0
0
0
0
0
0
0
0
0
0
0
0
0
0
0
0
0
0
0
0
0
0
0
0
0
0
0
0
0
0
0
0
0
0
0
0
0
0
0
0
0
0
0
0
0
0
0
0
0
0
0
0
0
0
0
0
0
0
0
0
0
0
0
0
0
0
0
0
0
0
0
0
0
0
0
0
0
0
0
0
0
0
0
0
0
0
0
0
0
0
0
0
0
0
0
0
0
0
0
0
0
0
0
0
0
0
0
0
0
0
0
0
0
0
0
0
0
0
0
0
0
0
0
0
0
0
0
0
0
0
0
0
0
0
0
0
0
0
0
0
0
0
0
0
0
0
0
0
0
0
0
0
0
0
0
0
0
0
0
0
0
0
0
0
0
0
0
0
0
0
0
0
0
0
0
0
0
0
0
0
0
0
0
0
0
0
0
0
0
0
0
0
0
0
0
0
0
0
0
0
0
0
0
0
0
0
0
0
0
0
0
0
0
0
0
0
0
0
0
0
0
0
0
0
0
0
0
0
0
0
0
0
0
0
0
0
0
0
0
0
0
0
0
0
0
0
0
0
0
0
0
0
0
0
0
0
0
0
0
0
0
0
0
0
0
0
0
0
0
0
0
0
0
0
0
0
0
0
0
0
0
0
0
0
0
0
0
0
0
0
0
0
0
0
0
0
0
0
0
0
0
0
0
0
0
0
0
0
0
0
0
0
0
0
0
0
0
0
0
0
0
0
0
0
0
0
0
0
0
0
0
0
0
0
0
0
0
0
0
0
0
0
0
0
0
0
0
0
0
0
0
0
0
0
0
0
0
0
0
0
0
0
0
0
0
0
0
0
0
0
0
0
0
0
0
0
0
0
0
0
0
0
0
0
0
0
0
0
0
0
0
0
0
0
0
0
0
0
0
0
0
0
0
0
0
0
0
0
0
0
0
0
0
0
0
0
0
0
0
0
0
0
0
0
0
0
0
0
0
0
0
0
0
0
0
0
0
0
0
0
0
0
0
0
0
0
0
0
0
0
0
0
0
0
0
0
0
0
0
0
0
0
0
0
0
0
0
0
0
0
0
0
0
0
0
0
0
0
0
0
0
0
0
0
0
0
0
0
0
0
0
0
0
0
0
0
0
0
0
0
0
0
0
0
0
0
0
0
0
0
0
0
0
0
0
0
0
0
0
0
0
0
0
0
0
0
0
0
0
0
0
0
0
0
0
0
0
0
0
0
0
0
0
0
0
0
0
0
0
0
0
0
0
0
0
0
0
0
0
0
0
0
0
0
0
0
0
0
0
0
0
0
0
0
0
0
0
0
0
0
0
0
0
0
0
0
0
0
0
0
0
0
0
0
0
0
0
0
0
0
0
0
0
0
0
0
0
0
0
0
0
0
0
0
0
0
0
0
0
0
0
0
0
0
0
0
0
0
0
0
0
0
0
0
0
0
0
0
0
0
0
0
0
0
0
0
0
0
0
0
0
0
0
0
0
0
0
0
0
0
0
0
0
0
0
0
0
0
0
0
0
0
0
0
0
0
0
0
0
0
0
0
0
0
0
0
0
0
0
0
0
0
0
0
0
0
0
0
0
0
0
0
0
0
0
0
0
0
0
0
0
0
0
0
0
0
0
0
0
0
0
0
0
0
0
0
0
0
0
0
0
0
0
0
0
0
0
0
0
0
0
0
0
0
0
0
0
0
0
0
0
0
0
0
0
0
0
0
0
0
0
0
0
0
0
0
0
0
0
0
0
0
0
0
0
0
0
0
0
0
0
0
0
0
0
0
0
0
0
0
0
0
0
0
0
0
0
0
0
0
0
0
0
0
0
0
0
0
0
0
0
0
0
0
0
0
0
0
0
0
0
0
0
0
0
0
0
0
0
0
0
0
0
0
0
0
0
0
0
0
0
0
0
0
0
0
0
0
0
0
0
0
0
0
0
0
0
0
0
0
0
0
0
0
0
0
0
0
0
0
0
0
0
0
0
0
0
0
0
0
0
0
0
0
0
0
0
0
0
0
0
0
0
0
0
0
0
0
0
0
0
0
0
0
0
0
0
0
0
0
0
0
0
0
0
0
0
0
0
0
0
0
0
0
0
0
0
0
0
0
0
0
0
0
0
0
0
0
0
0
0
0
0
0
0
0
0
0
0
0
0
0
0
0
0
0
0
0
0
0
0
0
0
0
0
0
0
0
0
0
0
0
0
0
0
0
0
0
0
0
0
0
0
0
0
0
0
0
0
0
0
0
0
0
0
0
0
0
0
0
0
0
0
0
0
0
0
0
0
0
0
0
0
0
0
0
0
0
0
0
0
0
0
0
0
0
0
0
0
0
0
0
0
0
0
0
0
0
0
0
0
0
0
0
0
0
0
0
0
0
0
0
0
0
0
0
0
0
0
0
0
0
0
0
0
0
0
0
0
0
0
0
0
0
0
0
0
0
0
0
0
0
0
0
0
0
0
0
0
0
0
0
0
0
0
0
0
0
0
0
0
0
0
0
0
0
0
0
0
0
0
0
0
0
0
0
0
0
0
0
0
0
0
0
0
0
0
0
0
0
0
0
0
0
0
0
0
0
0
0
0
0
0
0
0
0
0
0
0
0
0
0
0
0
0
0
0
0
0
0
0
0
0
0
0
0
0
0
0
0
0
0
0
0
0
0
0
0
0
0
0
0
0
0
0
0
0
0
0
0
0
0
0
0
0
0
0
0
0
0
0
0
0
0
0
0
0
0
0
0
0
0
0
0
0
0
0
0
0
0
0
0
0
0
0
0
0
0
0
0
0
0
0
0
0
0
0
0
0
0
0
0
0
0
0
0
0
0
0
0
0
0
0
0
0
0
0
0
0
0
0
0
0
0
0
0
0
0
0
0
0
0
0
0
0
0
0
0
0
0
0
0
0
0
0
0
0
0
0
0
0
0
0
0
0
0
0
0
0
0
0
0
0
0
0
0
0
0
0
0
0
0
0
0
0
0
0
0
0
0
0
0
0
0
0
0
0
0
0
0
0
0
0
0
0
0
0
0
0
0
0
0
0
0
0
0
0
0
0
0
0
0
0
0
0
0
0
